116 3
183 3
171 3
494 2
276 3
115 3
524 2
105 2
88 2
109 3
90 3
83 3
154 3
1824 1
192 2
608 2
297 3
159 3
242 1
149 2
83 3
173 2
430 1
112 2
114 2
510 2
135 3
95 3
100 3
305 3
93 3
526 2
748 2
139 2
1721 2
260 3
101 3
142 3
209 3
186 3
115 3
158 3
125 3
124 3
490 3
1212 3
93 1
1278 2
201 2
1088 0
108 0
1088 0
3118 0
430 2
263 2
388 0
528 0
342 2
318 0
528 2
1018 0
1368 0
307 2
808 0
668 0
894 2
521 2
175 3
459 3
211 3
1578 0
318 0
283 0
108 0
318 0
1368 0
2278 0
143 0
108 0
108 0
143 0
143 0
143 0
493 0
1004 1
225 1
1613 0
108 0
318 0
637 1
125 1
1144 2
164 3
887 3
93 3
773 0
